   512    0.255   0.100   0.195   0.166   0.000
   562    0.332   0.111   1.118   1.528   0.000
   612    0.369   0.132   0.336   0.510   0.000
   662    0.467   0.161   1.998   2.188   0.000
   712    0.589   0.213   0.643   0.523   0.000
   762    0.714   0.244   0.901   3.676   0.000
   812    0.862   0.291   0.745   1.216   0.000
   862    1.111   0.368   5.492   5.798   0.000
   912    1.317   0.446   1.078   1.036   0.000
   962    1.483   0.522   1.226   9.134   0.000
   1012   1.969   0.623   1.466   2.796   0.000